17113
55260
92726
79691
97979
28198
33527
22794
54386
28290
72856
81386
98181
17398
20326
43166
52439
53255
44259
92407
81207
45060
17144
42014
87580
18771
19437
53851
98207
36084
47638
63813
66589
47882
73077
69312
59952
71570
11028
10205
63022
74396
53209
16122
86391
39959
48754
30100
41051
61072
39493
87729
98733
59455
26046
45020
14486
56582
98429
24976
75079
42852
32354
43039
71406
19671
80427
46509
52983
52973
57013
15790
90076
25962
55074
57179
40841
45699
96749
47064
43467
79006
64100
20638
83036
75308
24011
28731
82030
51086
15528
75818
52966
54065
94632
71345
21237
62133
27566
26630
38345
23417
90631
82476
83859
74867
66862
34984
46711
92950
50682
16577
51100
85741
63501
69772
61831
68936
23439
66025
97886
34525
59890
25794
90658
15858
80166
77306
36279
23706
69097
39622
13945
73634
39506
72099
10711
72942
50126
42873
62173
96851
33994
15129
88205
47499
50872
36657
58577
28775
47436
74496
93457
26612
10996
62565
46311
27040
33619
74406
12022
15397
62696
89144
30786
12339
20172
65223
38793
83462
41320
97955
72939
87629
56201
81347
87491
32409
11899
90582
38166
41064
87339
74560
96849
45846
64668
73929
59305
72161
18851
47143
31142
83358
86726
20570
94849
95888
44701
62859
64290
52371
88896
44664
46240
99654
29548
23117
67044
55532
57909
74797
24274
15645
54723
33329
20473
51889
75639
55282
35230
70611
55253
52367
81509
73775
40713
55493
30248
14139
61677
98776
11359
23419
61608
11700
88617
17154
51560
40348
10393
70105
36655
78804
15520
42007
94692
51332
47111
14566
45473
73774
52733
18675
95008
78497
52389
27248
84985
79069
61844
16699
65852
16704
42436
94631
13220
57368
54268
83050
84234
42906
85446
15057
76144
57612
49079
46775
14485
81217
96795
97778
86682
44594
66113
60070
24623
38947
65561
96811
10139
68714
60817
57820
62849
87852
80279
93990
93045
51003
54603
21216
93301
93210
67882
41519
81043
54207
68937
68413
73957
66167
91985
10523
11825
85668
88821
57039
45164
13476
77162
30938
13718
10486
78593
34561
67892
64635
21867
71436
31425
43317
18374
14765
64173
11486
92256
92494
71981
40701
50437
38167
90756
66182
34327
19787
29802
63265
46942
85458
26891
68508
95988
90320
18567
72768
33734
25771
62484
41897
44909
69758
63905
22166
96433
90290
11123
65711
10348
82619
25887
29764
33668
25349
93516
61491
53961
65868
33240
11788
64537
87221
37347
90140
35810
41037
94815
59575
42556
33987
80894
66053
60922
49241
16861
86533
20077
15734
16723
86591
94388
93673
13315
40830
82991
47510
60367
42991
68133
12428
92458
23447
69386
87983
19536
61043
36359
54106
27770
97994
97139
59487
78513
15414
86953
38441
33679
60100
33907
10124
11220
15138
26274
36249
13627
36226
25154
41695
81565
32563
93404
96620
24973
19904
55206
93915
34934
10265
79354
85569
77297
90937
97132
96756
98381
61349
85328
52030
56714
93948
38301
47479
53684
53121
96478
74646
88470
45305
81551
41245
85932
86668
33628
32554
37025
91036
76587
62748
90639
91562
26461
72046
66695
36065
99518
83934
92811
91389
94675
59272
21199
88109
77145
48782
15012
20350
55440
97974
98551
92344
20717
64754
69981
52305
95067
63324
87751
51000
74532
65957
16811
23693
21802
93547
32481
68943
75697
17283
25159
52161
76541
51274
23416
23132
86677
80233
44474
30098
67164
91166
78854
90762
41492
28347
72812
72408
83897
85054
65758
13245
48161
58204
60617
10327
13964
41660
39627
59237
95549
98289
58433
18693
51457
65976
89417
22641
13529
88690
65879
20808
28788
44418
87158
79022
54446
26062
90640
23116
95292
19232
11116
43868
90539
75441
76692
48862
34930
50595
58670
53507
82107
75846
99835
56075
67296
64256
91056
28021
11379
81085
31336
17779
88057
47972
61344
43231
67779
49640
10835
97080
88903
62011
24971
80793
45123
31966
74528
74601
88853
45209
71343
34456
33827
98152
47431
38458
27159
91443
96552
75660
42836
54697
58472
40825
28861
10358
80732
80150
11958
17301
15279
34102
72633
71810
11156
48131
73249
76299
87833
51068
51618
40827
39214
12413
80696
86927
20911
79954
75654
83677
82291
92409
84096
82397
42879
86705
59170
66482
91136
23650
99493
21956
13197
25952
36758
28902
88284
98539
50311
85893
71747
59298
75456
52597
85501
13322
41766
76709
46677
34272
49668
18142
66483
99423
29355
49611
10681
92288
21485
47844
41566
73942
95716
11417
39901
48515
92854
83788
85809
83369
67216
63187
40836
48169
93475
95539
79772
85336
27052
19908
32169
77703
98416
79603
22158
43444
16784
80373
29615
56706
78999
69792
50574
43085
40424
40659
60951
41601
81592
42681
87581
40459
17969
63595
74221
28922
46071
42637
63288
97600
72959
47142
32530
47758
85217
40682
72653
94919
90029
81036
17904
15101
26769
78892
95883
45661
11689
98567
15971
23868
33359
40012
58662
46377
98838
61061
94085
55691
98482
91548
49386
56553
28575
98113
27515
42472
36329
99313
54905
44030
73520
61505
32325
13604
98622
41298
88802
20423
37518
79067
36272
69856
85655
13412
66788
58189
42086
75726
37893
39283
95411
88657
37945
86146
87759
35055
37376
92315
17581
49321
97315
43297
84695
63922
50122
41396
77903
57282
84703
48942
56565
36812
88789
45642
63148
54947
74339
10397
19061
32245
18475
12780
54127
97341
46608
35994
96325
75194
34747
73974
39820
89442
43464
80188
16539
95788
27562
55974
64976
17911
49625
59333
61262
86710
50589
95614
23767
13983
55623
55673
40972
84655
32258
81841
27119
64466
82208
97984
94802
75481
24536
51773
59372
18923
88283
22820
79410
46925
26424
26457
38519
22397
10986
11783
61166
44915
60772
64272
62342
37677
24478
80585
36302
85630
29282
18294
47810
87777
36170
10332
92037
39743
24231
85100
16145
33807
54349
16488
71690
57119
13765
72515
81148
23757
13537
62084
34055
85617
70458
40529
43772
77818
60639
97001
54665
57968
56851
32614
53468
92837
68324
35832
17250
37188
10666
56749
86911
66675
39119
48026
81847
41594
94731
66701
85513
18880
54141
47560
19848
97554
24344
13553
72113
91672
31850
59206
95743
94493
67415
94195
56742
65316
23396
11406
74349
71377
77729
88023
17652
27233
60776
59784
54660
10994
46676
76436
70673
65192
66948
44572
40935
37124
57606
30461
64079
46535
58521
77559
73603
59649
12671
34305
12525
88852
48757
45044
52094
85075
45072
13192
