23229
78804
24891
90526
99871
44110
52030
55253
67440
47430
96191
33514
68533
21683
98429
93579
70188
78804
74528
49689
81964
78804
42906
22912
74797
79006
33718
59298
31436
70810
64100
64256
96811
23287
42906
97079
80142
88283
71176
49983
72653
22834
26046
29328
13321
96494
71974
18048
27354
75304
88283
31850
70379
20268
83127
31850
70611
72113
32880
61043
59298
26775
44934
31328
85342
62154
61907
49624
57820
93107
85777
87358
59298
64256
93673
96811
27328
88283
15577
11294
59973
46538
92439
92043
15078
37789
96811
64100
98429
77849
74498
55253
26782
85446
98429
96659
90494
26040
69167
63361
78564
36059
71570
80062
75838
14965
96811
26526
78804
95788
55229
67662
29648
13916
42906
50682
66914
16393
72653
14757
73451
74021
70611
72282
53071
69320
74561
59298
51086
96811
61043
84847
60451
44370
79006
65904
79218
78804
85460
35570
23894
57820
98429
25067
17956
77657
95788
15370
46971
87189
42906
78804
78804
40354
59298
72653
70095
20573
34869
94188
84307
61173
18735
35419
71570
58492
88283
59925
56474
85446
24231
71388
96811
70087
95157
63375
78804
35765
98315
18711
96811
94388
31310
31690
50948
56819
23702
71570
47671
85446
42906
74339
36295
83372
26046
98429
98429
64320
72113
34589
88625
98429
74339
98429
50211
70673
64100
50682
79006
70611
30161
64051
47311
94033
79006
72653
72576
96811
74917
14381
77500
64100
72113
57820
82227
71570
96565
20615
98429
75952
54698
74453
98987
25825
95642
50682
27540
40371
83091
26046
64100
71877
52994
94388
98429
50682
96811
31850
42906
27377
27113
24517
23322
98564
71570
65736
79006
63003
74015
92404
21552
53744
29202
71570
47345
59298
31956
99539
24876
57820
34967
31850
37715
38091
76437
78804
38146
88283
81565
95788
57820
27838
40348
22997
74339
70611
74797
59298
48445
85551
80475
99823
91822
20826
79859
75210
36984
64100
51086
80859
57820
86165
82788
62681
55284
72574
52030
78804
74874
59298
51067
40348
74245
19192
31850
93743
51086
23854
83875
71981
29504
64100
38472
35879
49315
19075
23183
94388
70673
32906
69383
85446
22112
31850
70611
87328
45322
27969
59298
50682
48043
38731
34381
11306
74339
80910
68457
52681
86530
64100
88283
24231
25420
55253
60822
18918
57882
57820
30068
81919
27222
96811
95788
71220
42918
96811
70611
88574
24643
71443
59298
26004
52073
35511
75054
14595
52030
72392
74716
94388
22970
53882
50682
42179
58521
31791
96811
66912
25155
31098
78804
81565
62532
73994
94929
91297
40348
98495
33825
17352
93695
94388
21870
51935
13775
76355
44803
96811
97121
85446
59298
77362
55285
51820
45124
39158
40999
32977
50682
50513
71570
28066
54094
48255
72653
98429
48233
50682
34601
88283
93952
98429
99867
87426
26046
86751
37461
74797
70611
86070
50682
72496
31850
10910
49606
40163
95770
46648
71250
52999
36485
81617
64100
42906
51086
72697
49286
42713
81367
36187
53896
83419
79679
96811
74339
93673
18402
34790
98429
64100
26773
88659
88492
24203
20978
70673
61846
64100
34769
40057
91210
56098
94812
61043
72653
66788
65107
94388
52030
66960
38563
74797
50682
14125
31850
32442
96253
32093
89149
34435
19666
28738
28136
52030
61128
40701
77588
52030
26437
35681
33442
70375
20326
42906
24315
88283
26046
45376
30097
91481
92369
30715
20326
59298
84925
96656
84330
98429
31850
71981
72653
52030
72653
96811
78804
61326
38869
18018
71570
38815
55421
66788
42906
23944
42906
64187
95788
61587
21424
52030
89108
52077
96811
40711
83230
57413
70611
73009
94388
39722
24251
58443
64256
88283
72653
91265
10843
88283
11447
88283
78586
89893
59298
31850
52326
44061
31850
31850
85233
16440
10132
57547
67161
99694
64100
11103
78804
47329
96811
47612
57820
96572
47613
60086
20741
64184
62191
89260
37168
52030
11194
26365
67832
99363
35187
44533
40348
17051
71570
41925
93083
20451
39511
94480
87694
85104
75853
78075
64100
81565
32719
59298
86075
34181
42906
68420
11766
53732
75643
72653
59298
65277
76714
51086
71570
88413
96811
35234
54202
76152
52030
24126
74797
24231
24253
53048
58521
91697
72653
56434
86048
72653
50682
48070
71570
70534
21958
26046
91398
27728
34344
26046
53502
74281
31850
61333
43229
50407
94388
98429
12547
16936
27595
93673
33154
42980
80539
94718
51224
34471
33250
57823
42995
61131
57820
32391
79504
40877
80560
10970
20326
56745
30859
88283
27962
72653
95788
14482
42906
46409
11280
72653
42906
70747
61043
19674
18492
96701
26961
53479
48038
70611
42906
45260
24520
21432
51094
18684
19779
78629
73960
16059
88731
48822
70669
70673
50682
51086
94388
76889
65868
95788
95255
64963
96707
42906
31649
14131
51472
70673
81565
30591
80283
56746
55253
79009
18941
71570
74951
50682
78804
71981
63627
50682
95788
55253
25718
71889
11729
99762
17733
85446
82121
50682
13274
55585
65381
31438
57820
28789
53382
52030
44903
60486
52030
40366
12658
88283
14798
98429
97320
30200
76047
24231
35732
41486
58191
26046
19787
91752
71502
52869
83333
21014
97244
79824
20326
74777
56588
61043
13244
79006
64814
35278
50682
88283
88377
29292
98429
55921
47331
93825
80805
96811
78365
69606
27637
22485
95788
69159
18261
17200
64926
42517
74493
25946
20725
31473
36904
25691
57808
91641
29122
63885
52030
51086
40477
59574
82983
42520
52030
51086
78804
83704
56792
30010
85446
25811
42906
31850
39754
26088
25480
31850
77141
52030
82669
32783
94388
52493
58178
23326
57820
72653
72653
38420
74254
45065
29150
64831
49169
23775
77788
46078
23745
51086
50682
94350
72113
52030
98125
42906
98705
11848
71570
65782
77169
57206
15208
15026
83868
42906
52043
71570
38594
59049
80251
17594
78804
59298
51086
79598
14834
26691
80328
24231
56810
48476
99852
42906
50067
62944
27356
65868
19185
57820
94293
52030
81565
66788
24231
96811
52030
94388
51320
98429
70611
61208
17942
99750
43638
17188
14295
70673
94388
64256
87480
43225
83042
20614
94819
60990
57274
85446
21776
36162
63061
31532
91990
33600
63021
88283
77649
59298
72653
20326
74339
28964
64100
71570
90541
59761
26046
58551
26046
60422
54781
78370
79006
53102
99834
78804
31850
27445
14719
74339
68390
70429
23099
88283
58761
94678
63291
74112
45380
51086
17069
24186
57820
52030
24231
36208
48556
10662
42906
81565
71011
62377
50682
61043
